$ANSIBLE_VAULT;1.1;AES256
62613732393939366334636466343035636137363436353936353262623436376236666634613836
6238633232326564323365383166323766353765376633640a333934346232333461356563396261
35313661373365323935356432613636383136396461353236333539383333393634336666363565
3036653637666335650a336365373837353665376134613539626265303764323461653231356362
32346663316530343033643366323833356439396665306439363362663330326438663035643334
35303336616533333364376466623464376537633230633536353963363536653863373536373738
38313465313334373730633338663766366634376465323365613662326430323866353437303734
64323966393466643163316633653762373834353431396637316665396263356538666137363637
64386538333065656234383033393762373361303036353833643037653932356635363234323864
64376466326262643730633262363566353438633865356337336536656133393233333964333162
65326636396664323565323333343938396133623665663364373536343561306637623537343230
62353330303038336663656137356537323463656566396535313432636335633934366332343238
37623430393039356165646336656636663262653131323331633966343063613938313535393231
38623230376636346533393166663836653237623839363833303761373761616536626635356332
35353530386532666431626465363933633834323062386334343661393765323232363961346438
34376139363735383565646534626262616461336533396437616631633938306236333964666439
35393838663262633032613534653735313138383462393838636365623931396239653336383664
34353664343762393639656535366261313433623566306661303436633732363363653464353064
35323366303662373161633035376535663139663531316239626433323566633065346534316266
36366562343436653864323661643661386233366434613662666531623564336265623837336632
34616436303337316433353939353838626261303730313030663539353362373966366162376463
37353937636531353536363839386636306330366130346166303133323332666436383465336362
37353438396235326230343335333531636464616339613266303438313461623736376236613133
64663031623564623664663165636564633236383666353139663939656235663466343361313261
38326464666231303537646535643763333762323335633965323834346365303365653836373731
64333962363737616533353964333735386637326231333166326563613530303630356339353863
63353930393261393865616330393632343563303936653932653438366663356332633231633137
65666366636233663838
