$ANSIBLE_VAULT;1.1;AES256
65393864323138336163626165373533666263393837383333613634346637313130643536356563
6233376535353765626665326234366436613965303038340a306666626465656131393337323731
37646638303461646531386361373461366164653761656533643739383033626265356233326262
3033653533623863340a336230303830396666333834663861363636316663303337396337623964
66643336646265623865663736313133656531373864623637613563316164333933656432356335
63383536383636303338333236303866386462633762366132623837656238643463646665313534
39303036633530333762643937346136653637633563373934633863373634663764333236636566
30336466646664343136633837376236626130333132316237666433333135343036336530396335
65343963643534343431653664653936623731316638306335653866396531643432633139333139
39306132336532313935393561613561653135346430363937346232316639663138313566306336
33663338353732636165343565333838386463663137303132656339353038326436326162666434
34346438353531393532383132653266373136663430643761653035666561323332393034373231
37316466653033343036333565336433343863323261626236663762356130356636663130643862
31663331316435343233656363386162313961373738323539333766393330666435353830643132
35663065393137616533613739356532353635373537393232376331666666343165313837353535
33336562336138306436643130373531623233643930386566646632303839313130366531623865
33386134346137393861623562356433396233613962613965316166366234616161303264336563
62313233643435393937613030353439616433666634653330666363386566656433303530343131
65613131613037626438386162363431313133396166373339343137643261613765353862356166
30643138383163613636616263316166326631396531653262316366613735646231626134643332
33373161373063363065626430343933626265663239626630623739643439396539386531623264
31366538313539643264643239653561626632316330316638653339666436633465393766623931
65323739393463383064336531663136653165653036306566376137393965353036646130306135
61303133653665396434623036303336613532396431656634396532316231303534613535663138
61653039383662306138643664663138343464346664393033633365366364633963613935653466
64393231663237303731386362326239386639653530643761343164336363313366663466303634
62653638303435643361346430393665383032303135376131323134383935643531636331386331
65313562656162636133636531373336363535333430333931623764396364343164353465366534
35356463383562663531346531306232626233653565653064613562366634656639623634386161
34306535313636653761653037613337383739616166396363306538363631643830613562333963
65656538386231653639383038646134666461613263323632303166306133616437333836326134
32623930353737386130646633633537306634343536376337663531353830626466363131633364
37636338333762363163643063636261353362636131356632366134613362346638333133333737
31626163336134383961343933626234653536306665343831303666363165396135343636386636
65383033326531343461393239326362623030313761613736353331613431316232623564373737
36643636353937333031393765353536303938336161353439303231393731643062663936646663
30343538653539633864633665306366333066643331353639353839313133393564346137613662
33663936343733653736646633643632656366663935616664393861373961366664316566323938
35626631376331656661323034343364393265343634616466323834636337313166666239636632
66306365343832323966323438376432666330646631623862633936623637323334626665316337
66316432316638313932643866663034376461353835363931396238623263363831363865396133
32313233306537323833633165373332616437396534646533393636323134666663643161623034
38653238656234623937313561323136383330363863353039333434333338383235383537363563
36616662363533633230323037363166646634373863363066393036646464363738326432373065
62633565626365623234616538626335323465666332326138376232376162353534646663643231
66373166303662323538666336306237363539663935363763323434343564393962333033663463
31633863656234663861613033323834313438333536366565646137623034303964373033333464
66396461613831613831323032373636643633393034653339663861636165363665663339376535
65386564326231643433626161336463643831326565616461656563653036303664636634623237
64633432343964613931336363393637626132623363316366363763316436653764393961376134
63326335353065326432306334393164386333373134343465353963653165356561626462333537
66376436326135636631646236313838623765353866373731626664346330346533623863376465
64326132363933373435393438366164613639396132646133323637646466356434323434383037
63633061613166623039666231366262393065653862333732616361613461383630633938353861
64616233613132376333633433333037616239633063343932663565633039396565633664373532
63343938383231613137393238626563316234616366343838383063366139666431363930356262
61646134613564326237376563356263313866663034313231623431393162376462353063383537
34643139346538323730303034303138343830653039633030343136643337313338343734656339
30353134626666346637613839646264636134333136326234313365373238313036346231623061
63623037343835646361616137386666323730636335653065386661336630626536656130386164
61346433323332353462303833356664316563383134633866656465376564343934623863613565
64326230646666333837333064353432643065643336316538353630393931393135663966373736
61633961633865666534366165346365356535393134353537393138386137653330373765643734
62336161646366343931663136303035363432613966356262666338396635623561346164366362
32366265396637396237336338613666366530326136633463623330303663623461656539623933
33303461613863643136363335653961613763633762306366656530323661613038643566383438
62343063663536646336343438663838303962313239643166633764313033396562396430303636
36353832313065333139333036303165376263343334363362636339653334376437386664306639
64316261626665333737633932666132386565633137366461326339316630666431326634373238
32383439363932393262323437386566333931313433386362326631653231363066313962306431
39373334623038633264653533303265636237313066313438363538303864363235643636343034
38323330303964636537653933346262376564636335323235636662353266383534373932373938
33326435383831623637656639656436306530326462623038383737386365333533346365316562
37653561616366383533343563393830366430616130326638336666643535613565396230633665
62386232316466633934646330636365626332653031656631323337663035343132353864336239
66633662383036396238383137333366626630633633656134313935353230383165393432323431
32643132353862653438396365373137356664363731303762366362626339316462333430356632
66306561383537313736393565363132353330393832343435343534353363623061613532663061
33666462363835316133373431623263303938306236663533333935363836623539643637373734
32626361613032636234393332613737626131666235303033313034633230656432653931376337
62323133376266336266623335356233393633363538313166303631393363636663346234623161
64333034346237383036646230346532313764356435656231303235303530663139376461623834
32393939613530363431373931373637356363333761373137613530646230303038356431343830
64616431393665373063326662323230313862613763386235356261333364316430663834333565
34363835376134353434316538346361306232626465303037313232613439616465383966643936
37663163376465323665393639363536303432326339326265623563366462363737333732336430
66366564316338653333646663653635336364653139663835306637353464353434356332323063
36663637303064643730633161656133396361666661363932366430363063373139383936306263
30646564346137383332326264653164383232363330643230346232643036343162373637306533
62316465636532326134643166616430336330666264646338373434366466313061656538333962
66323864613564623733313966623064363637353161626466393864333765636638616463323265
36363838373331313437353132313630643133363766613831376561393166333363653062633931
34363337343534613266343435663132363735636435386664353739343333666263353530353461
38616663303136613839303133353933336566383761666630386534623062626631666435653166
39353962376561313539316433366531646530653538393631316233386432393232303439343530
38663731623436613631353631376433386531323130343734623937333061303264643765316636
31616534646436316264633263663032653564383138333561323461623461623337303233653138
35633861616435646361633038316662343162636532383435613035353033393437383866616337
38306130333661636234333238326639643364353030363938643762323030303334666364313763
66323330316532363635383432333535356563343330656366346263303437626165366235626438
63356537646430336164343634323633366630366333383830373165643064326433393539616339
61616238383037646264343761626639623863313361386239343536376466343037643930353462
64373037646235346361303037646339623262343139653039343337633565653334616432353138
33366465396161643635306166323666613931633365306530323530366236396563306332356364
37346663313339323635303230363331356661636363333034633233613064336161366435656235
33663834633163656139363233653762366262626361303630653232323165396463313634616163
32303239383862353930306637323433373837346334633966383536303333663762393863333935
66343130336631613163623035323261373538613431633137306133323433343035656335366633
62373230643363653630623864616531306364626231393530623131316462646233616361356661
61613065373336333930643934326336366231343331313832366665326664383464623438626135
39303234633333633362333239626466346536373731613035316664373733343530383733333237
32666363396366353533356364316332666231316363353465316433383633313563373737316465
63373130376636646364313862356238356330663366613932653532393934613334333435356364
66626166626333326363313732643136666239643039313037353165336639666362613966313834
33393538323365363130633764396363323064643030313661656431353434363265363061346138
66363562383538393762663364393261343365303862383036636561646166663830386130383536
38396334323337653432613736643831313135636564626637626636396136333861333761653834
65653863333466373930363036343937333537393565623066313933343862643364393433303466
66633866313839366331663037323830323630366262663166343639363037626564303761346166
65366635366165326166653634623462313230376562643866303136383532343565663363616463
30643731626664346233353165333538353033336666393035656166623437306462366632306664
65336534666633643130333964656263373665373031323130653763396534396536646637353336
38363934623165633562393262363231323336333630386666333835326431326530363364653863
65363164373839306162333532623438376231643964626134633030333462346337663534663366
34383361326261353664353462633938386537326334386263663665333437336334613266383663
35633165633163363566363034373535656334616239633661353930653438613034343564353435
30663433653161346431353536396164643161623961636535366330336439336363643863346461
31356234313464303935343733346133303436393133366665336139346362376435333632393261
39656131653463373361613132323435393134613064303130316666646231663963643730323534
31303939636364383866303236623231333430653435343934313330646130396239363835363838
63383435636262393235626463316432303732313132303339333730373136323833303337626337
34373438653563346462653163396237626238313237613065663761653264323034343464306232
30633737323864393163366537613731343738636133633665343133313430626362633839663764
35643966613934633435323362343038396530343566626635313338366630343764643232323062
36383033336236636262363831326331336534396638663861306131656539373736333034386665
36363164333733326635396665636130396532383732363237313164633539393536393264616431
36636662663464666162626362333036343531356535396535623333666433353233366461373061
62373161363337343633343339323136366261393164646336613535396236313830323738356463
37613732646665656265623836396139363236306134343562373165633038653537353563356166
33613665313939633132663064633833353633633231316433396361666633636264643861313732
30343835356132353737343834656363636566393935393162306265663065306633323063396563
36623430323866633361333962396135313931326338343331393861383563373534663038373739
34333263623531626230353837613334343939363238343035313538316332326430663235353164
31636230643961326632353865633033646363313630346430323532373637613034316437643432
63623165303736666531363963343765386431353161353262386631376535346535616261366131
61623139343935383761373532643035323230353738623432393136653834366261623563366332
64653864643034393563343231323637326132393438373638386661363434626334653238633865
35623839363538643337363533653239353534363066376435343830383030336135393533326363
66646161363361633838626236306534643661613262653862363734323338343362613862353431
36663963333361386636623463353238386339353966656436326536636563396534363564303437
30636164336264613632633664353539366535366334343366396639656363336232356631396139
34626464666634336137316136323833353538646161343161623839616162623239333366653136
61373833386634363365633334353163333639333336336235353533626235366234366638323734
35623134343336303832363761626534336235626663666333373036386336313339333564636333
39316537633463343030333930633837346362316162393562323531373763366364373161666535
37616432336331303265653639643539666531393830373530356337333730333362633933613635
37326333336136383331666333363062386263656539356261326562646364643964326363623537
31643435356338313663656139643436303935353338386432643838653663353964613963376431
39306633306534613239613861393230386230316264303330353939616532306161613336633239
38323231613636663539633066623964623034633432363533373965383435323661376431376564
34313937336130336462323962623635643032306363366261626630333335616138376531356235
66623633663162623535363837386538393263366565323836336133656463373838383361666639
65303630656636313361663766383430383536363731316630326636383465303566623432623933
66626539633335623264373738626530663031356435623461626634373035313034333332653761
65643039626562363034373262653434623339383632343234353733366330613839303966313765
35313131386130623030386135363836346466313765623063313932646366356232646433363064
39623833613062376137623634313163363837333634623330386436613761313339623663643938
39333236386631393331656133313330366538313666373662636133316138393238303038373961
62376639643061643932646632653533343630323932653162363464393931613336643537333633
39373464663163316466383532653665306138333865303166393861383232353966356433646466
37633134393963363966643334373937313535656537653138333566363932363234643164383530
30343734393964626266663231373264343435346231383230396130333132626663623237356339
36313639343835343661346130303566353064633334306630376561653035633165
