$ANSIBLE_VAULT;1.1;AES256
30363433376337393564633563656463303531623865663565373537623937306239373761363037
3661333239313436373334306164623562343961663431630a323336353430356535363336366633
63393331666139303230663937363535316532653533646464376665363039346664326532383762
3765393639613237370a383930643465633333373835323965393137663732663139303939363461
36616665633863633830393038393731393764316230366661363062623263316437653565353231
66343238343432636632323235396331623861396261316138373461316536353338383937666662
65623665343938613963663463643239383035316532373263656262653939613562346562646337
36613430633466326239383338323338633463643838313363656666333863346364383665316133
39363762653736303066323136386630386530616438336434373964613933373839386562346638
62386662616662376238613562383638623930643036336661663863636235313432366532633439
63383762316230643963353937643565666361633432633636653465393763336132316262643935
36336464613234656562613865663765663863666364666661643364363237386365323233633764
64333665376662626162326330353733656233373738623765396363346165363065313032353462
31356632393234336137653831613235306235643863613037653863636436616632383737626135
63316633313536383234343338613135633063653763323435303839373031336465356637303266
34306663613961333065653566653139653733613332303937396564626635306436613030396530
39353763366231663231323939333362616232323863626561633762613866336162653931336237
31386335303839646538666430333836343831623134633234356566633161343932376364373739
30636338653938613965623335323532313638663164303336613361383265393631303139386263
39363835636238623765643531336237343034363836616132333331623338653239646337313637
34363934643266623261623831303066656564346336313562323138376636396562656262656461
34383763313639353364313261666432626361363465616462363232343462383339316434373263
65653939376166336663333139393732323532396462653163343738613433626661306466666633
62303536323363666136
