$ANSIBLE_VAULT;1.1;AES256
31303435396361363266373639366631663261363038353031666130666638303563333631663736
3033393832363239646133666464393361386662346539660a376236643531373961653165323262
38633432303664616361303961316536386237666534333334633035323338613438316135346266
6364353831363161630a383964633537623535313365333231633637326238643232656236613161
31333439346132303833636537613964323465376232626238666561643766306662316461316665
64613266326239353931616563383838383265316366343161393633353536386430303532613764
64376461633030333963636637656632353363313238396561326166306337373435663538346139
30656461303931653931323635663132393262346464616439313838316565376434303438636337
36653664356334626565313765646162316466653263633363383933393136373066356664393630
37326534636364356664656466383632353563363931636631613433663431623861313963636534
35356237623063316133333838396464396163323835343163323362313133323862663034656331
37633632303461346263623633303032373836346666653235323732333663346335316131386465
63396362333662306662363965633334323936616534373861326162633132653236343238346230
61343637376161626664353239393933353930326166643031343365363634623661383237386137
65393333393837653838653364636233303365663930616566613139383836316137303366346565
65616439343032313266653964373437643739306539346234373634313439396661326166626634
61396266653238313238333637373861333034613335363661363438356561373431636663626332
33346432366462626133326236636633333363323630613431346263656465633938306465303439
66616335346133623034646165343965613465313265383439633139343062303466333162323338
63363336633466303561386561663465313435636637653736363762383139623537363931326437
39356138656138613366313838393964616433333836623063323939656531386636336466653131
33366266376138383861373032333530646138643761353131623661646339646234306235626665
36613537353461643638653531313665363530626262373030376334386362653631393833653061
36623636646464336332303239363264313434666366666339326337633132343335666235356266
33623431383666313839323031383338396362333163646234616361363365366632653463353964
65313333303935623036333361636238323835306432363039653033356165666539313633623536
32383139353364346465616437393236653233303838303662633037383933323035653733376639
39396336643161396264
