$ANSIBLE_VAULT;1.1;AES256
63383831643132306134313231353631306532386239336665373533343030383034653734393037
6562653366313830623435623333653931336666323935380a306637346563623535653966613864
64353064633162383337663331376336663562616636346138613862343432643363616234393838
3834346663363039330a663039393233323038646430613963346161363336643161386331383265
31353335386233643830393531633638383162353135643235666338616466313661323535633930
34373734643232363165616331333866306136396231343931666237363365343235326461363430
36306435663232383335643438333965313234386533623630653366303037616264333965333631
66633331613037653230383361623962393030306533343562393436656365613031326262383862
36393361366338373239323434316232396433363933393034366665306537613330623864636130
31313031656330376530663162376536643564666431393061393533656666623663643138636665
63653363356435343064613966666237633762353437333766636164646530313166306330323666
39613730393831666637366166316433636638333136366332666531333062363934393262633034
63613030383861376161346463323533663864303862653966383438343730343837313639633430
64636261303839306335383135663733313831396463396431323635303166313032383732666235
37396639306463393462666530356134363863636239626438313435323364623264653961393538
66386138343230306536646236393237356531616537323330346264396534386138383361393337
66343736323137376330316334636130333432643935626366643561666666343235373036303733
65363162613061663637636264303735346533336139396365333365363365643866306663393238
39636531386136303439613132373234373535303632346439386539643932393064636635336238
30636663626364303131653134396230363663346338303932373230393361313533386233353633
66653266366137303039366264653630633034653937386434376139366533396166336465356130
62353037313633643665653066663065636366626636323566373937393262643561356566653931
64303964363137303665336134303966343365313138653430303031663562613032386130356163
33393632353830653038636465353461393332646230303033623664666264343465633635653330
31393635633332316636396636373138636264313231633364316334643030666433643039336263
61623762623039383639316565643463353939313436386231383432616138313038613931366138
64636339646465663037313436373363363237323830393663346462386437623836353935363839
36363536363731323131643166366635376538376338623635613061386465656666323730393263
39326264393465626564646138653261353266656261363765613863623335656433643430656139
36616235373039356634373434666532396361623336623534366363643663303436316463373939
37616436376534643533333039633737396239373731303630383161666435303134633861303464
63346137373062643732373665333061366563393134353462616234366233303539366234643462
65623939623934313535633039646538323864626464353565396337383630313330646162303035
34646634316561383738353666383830303266653937633061356362346462323039343538623930
32396365356331613934323130333737653735393836393338366637326164616164616166643737
36393532353762376138396337636363623939646166316532313538356264303963363066333730
34633435386431616434326439666531383164353365393736316561366533373265313666316131
65613464666434316532353634313066396335373630363731613663376337623563343238353866
38393135323138363237646236393031383732613563376134643833633832353730303363316630
62636432666133306230646438666534393530643833653536346564303261323538373333306665
35326633316665356131666463636534373338313934626265386230333962323361636163323531
64313134303061663565306462643033643234373464393636376131653838376561323135383338
66376261633333373234366262393462363430313536323966356133376464346366643633396438
39373865396638373832633438336666616262393466636363653161363161313034363062353139
38306162663861383963396362653031366432373633383937653934646137343663656338626134
35653362383761353331346532376130663632656630623664313966356137373564376365343365
33333039306533313138306237343232386434653039386561313363356437663038643436363032
64643032303339386138386163643033316366323363363262313933653666633532653637323937
62653838343135363038343838626263356536636266303234326462373834363662393036643161
39316438633935646264373566663937326330356532323732616337353231313830393636376162
38646332643136346438633365396334343866343136613733316666316632663966323137316461
62376362393030636366333564303036363039383565376630373738643264663263656430646131
37646338353331353334353234326163353862656635613563616465656632323861346139353032
62643635666634343766633136313135633366366138656266666331306239613565663861643030
61313434383234356133323761633732643230616332616331636130633836643766393437306263
62313037616663623833363266343164313034653233323436303266343438326265346239373539
33343761656534323638393361313032363862326563313237313133623937656435363339653532
39656130373031323839653537633033613530663939303861396535333337663262343464316232
36666239303236613339636533643436613233353965353736376638386464343239313830323666
36383437643765626562623166383736666564336432623862393862653262316439666233303631
33333765376663633939623466646436653839616633393930363135346432323762326138306266
65623061373730656534363938346433623936376333326266623263396336333431353263303031
61356538336666643732363436663336336630623438633934336663336564303461396239653038
35623732656164633566663164666365333832343633666538336134366466313336633761376238
37653335363038616664633364323936643061306330623663346136326263393661313730306265
33383866656463356664343165343438366339653032376330623131653661306437386432356564
62383531376464366465336233313733373639623432666237613931343539636363356166326563
63643632326436633165643233353861663665363361363037633162393662363366313765376537
65666464663930383733633566323763303830656561306637373662363562346436646662663163
63636361323134323435646131333131653737363739326265313638653963393737306238356239
37356164383338663134336334313139306335343863646434643966373764393764626163303431
62396264666636663863636533373531346136393439616136356137363538616464363734303630
31306139363737383134323735326263313365383035363438656664653464393065656563663339
65373538393732666439313532636536636537626533353938613031353832313765366135633339
31306532623637303564393462653837623436376433346566656262646432383661643661623635
63356561313134646238613365613431623038636435653163396335343038333537366633353230
35666232623633396236323336313966313232633166663935386632316366643130313566656563
38646435303136626639313335643735373635366230373430336438393835386237663362316137
38613533333063653662636561663338616639626564633335333735333832393337393562313664
31626163653562326266323238636339323564653061326233643535663661373336636363626631
61356536313265393231353030653332656561343137353030616532343163353934653231396633
30303631643236363061313632613137363764396565373130626164343764313664353334613734
37646339393637383230636162613462646334636436636633386536373538663938316330393830
64656664313666613833306561333431366531313830303435653433326431393931626563643631
63646531623062393837623833376634636239613834353732666364323761623034343236333736
38666639393139393333313230303935376236386239303263616563663661363363333865393639
61373534353837663263303065373530393330376264613764323266373634373062626434353861
36323137653230386134616335643536313165306334323637373837353831623739663864373063
31323063376431366632363562396436363834633439303732353536353835633930653666653636
31323531613639316234393261323765336236666363636433393462666437383937653162356235
30313439353037363536636564313066303037363531646331333032316365636435616535373936
61373964313530336535373362343064376265383636666137356338323439646635633336303838
64393037653164623731396132653230616639326536613730306538336464373563643835373738
65366635663237333333383936336633626337623337643563303336316435616139646230663565
35303035623562613336363562366463356161396563306533396664396136643866653764353162
62336366376432363865396633663461333131316362353766343136643139376337633962643862
32343531626665633165643863643431343938613831666131336564343030666161643938363265
39373430623031316564393361333130363662616337303131666330313335326634333263343230
33356334303731313739386136623735613831373361376534626638373331643539643766613134
62303235323933393864376239303735396338373330653034303565613366383435653965666134
39303634323534363465383765373565613336333436393964316365396366316665386238303630
33643039363461316165633538376463316335643336393832636363366530626262376534333635
32313433313839623561353535643534626639663833646265626533313764616230623230633833
32646536383764383038636361373239343661376538636139393837613661343639336365643636
30306339326135373534663334323461383531663263323438626465666332313138656362326638
32363265333431656637313337343034663937363536633338383039633736303565643930643665
61666436323739313831363030396431613831616636303765333432613265666635653266356161
61373065353739613630366235383166373933373462333836393166386138623665326339366262
62316162393162666530353736626162653966616562636333306335653939633635623730303935
31653764373532633836343431396563316461666464356236643730323239366165333831626130
32666332646161393937303963333635653064663338653064623438653739333237633037383036
33353531306135353238333365323661633533333061643839376430313332313136323734643132
33303764363739626364653966383239353339666565326361386233333033613266373731316462
36323566316536303339333236353737323434356535376134316461653135323839306332333339
39393931306261346261663436366166363061303961623165616464323231373564663138376537
37333864636163383932363731386533376233323434346136313565613335656562346661636363
64333731373631663037643434626132636262616366616432333839326166336632613831333665
37306237393962343835663737333436643462303032373530346533613134643530366165643966
32383763646131613337303931343763306139333032343234666634646539346634336261656632
39623565613830356565386134306335653832656566376263396131316136306366623639396435
37623632353265366533653633363838393737623864316535343934326161313236643866643539
30356463306263623434613864663636373936346366646237323739643036323231343436663563
33616365303730376339393334373938353433323233626165396263666639613532643432653765
35663061383630306361623565646232616261626531666139373164313235663736333763363230
36346361323134663532303331613536363932363734326136396163353539373863343263613137
36646530366331373539373433616132643437623438653734346235366462613363636232313363
30656266303964343936653935313231623336363333643632373031666433353638363064323561
62646362613136633431653332653863643431383062646338353932396466653832613166316332
62626533306661393263373335316664306534366139316531383062373538363237613636333231
65303830303036343765336537653136393866356232613765326562626639346264623938323837
38363861663730376332656637613338613536613966303335393430373764323530343661393439
35306663666237616263613635613133346362363137363833363937333566623362646437653731
34303661316331646664353436366331336232393361373863356166343165393137303337636461
64363763353331333139316532653839623061383632613361633536336564353132343338653734
30643239366438306437323266313461393962306231643765393739623932376134316131343631
31363331376638633566626137333336356130396637363039313035323065656439373433646632
35653038366532323332353663393363313235306663666564346335353939313431376334623939
64303062633966313136343966323232643632366532316533613663656538643530306563636435
37383233666561666162363430396538323636353461616230666535383337643332646266326536
36646538396439346462613938626237353437646230373438623736316336303139393138353733
64353533356266343936646631303361356535363331336631663133393035636132363032663333
35323737376234626132626134626637653561636366653736386635343336363561313330633033
36656263323231616634646666616630613664656135653362653431383332383437616436306135
31616233343963613130653835323861643666363333353661353561666164303362333361383339
63653030376462366433343862343732393864633964303839653836656232633438303433386530
61386264396439613530306631646362303134383965643930663665323031356333336239393066
35346363303330386361343461653030316139636262336138313837643336343338323430303737
34323836623866633063643862336534626132336432376462633965326639343932356333373631
35363838333461653834353438383237653363353036346233633562306536333465386638306266
34343232653362663062643538326264313832373839633132333738306361303736333662333638
36366664353761653763373337613137376464343762303134396237376435633365643931636630
61613035383035326430623433376332313737316365363164663932663266623038396563336130
34343631643631623666333234633266636265383264623730363139396436323732396264383032
39396533616161363038666537346336636631313038393239346264323162323738343937326235
38663937323366653636656633373534383435396333306263613635656433656363636636616666
32313063323532643062373732306231343139623538363231353232326436353033663763316338
64653466313861363534376664373963356365343866363138626564656265646639643761613266
33346135346331623765663761316365633530656633643231396331363834303262623038666662
34666337623336393865346264393763336232376565633431316537313330333937626533383164
34323733323665353537373738306663326364376563623032656662623861356135396236386661
32656639643136373038396436363064346562343135646537663564663937353935316238613436
35353039346164656338336634313162343934613065393965356233366234656239396233303339
63653733646164363030366533333734623432363438633734336335386561393864386533326465
30333835326133383232653139346263663961633435613739363864336231616632396336346463
32346436373063346539636135633735313330383661616232386233393263646163343362663434
61643833613466383831623863363764353234363565366630393566343236353433326165333032
61316537313161656136363034636161363861646430383236616336363361363661666565663333
37303537616466643239643838313064373338343265383766623664613766303165633336326233
37653864636334313466613232313234376138363633323762666237666237333231626131663536
65653962613037363139666666366166666235326332643335313934373939633533396361633766
37353732666237613831303164386235613863663065326535633438313264306135623130656539
35623962303236333937376135626138393639643435333638373635633666333564613032393431
39393934376564303437393038326432376264366436663336376336663932336235
