$ANSIBLE_VAULT;1.1;AES256
35663034313864326261626234343061366463653534353630323235646431666538363236313363
6338666535303364643764643631663839313837343138340a323161626165646233663139306461
61646164653262613762346336373935653961393965376361616665353161326538376134343135
6364343365383336350a663730316165643561326635663834376432343364626231636437616533
39383662366235326538316232343965326236353135363962346236643036373734616234313030
62656365316565396166633231363561633037613936303631316235623438303264313432343363
34653437616238393063646435323666303236653632643938663264616465633666666538626330
31353031356130356163313633663631343266313764313161323830313363616534326636323363
61346461653562313532646436353461396233663830666361663934343135323932383164313630
63366232636266376234373930303365333864636264356431333632393763616365646132636635
31353165336236376131393166323039663833313434653764343538616531633564313563613436
66316134386162343739623034386563626335366633636232303130633766323864663463643032
39396432323461393939343338366466663033623333373730393737623632616634363963356363
64356262383461393962356138663533623565323638313135643330326639613234616366623136
37363530306663336564326233643235306336663931393031393666343735626461343435316337
31393631386139316234623062386638363534663738393332636139633364346336316331333635
62613564333539613161313933666165323464326130326435613239646362633834393563616535
65636339383131646332356439636463613230313564326336373461393332323731623430616438
63393238363365613832663862306432383232633239613339383966616235656535636235376336
35313937613063396333636663346435346132613733366532363534643761373639636262376135
61323166643665656364363230313834613832376561663330396432323939623738366464316131
39323731346237613630613336656663366366313239343464303165393664633033353730663437
39613731633865383264313735636565633762356261373032353165613366306138656662626164
38356365376532313233303061316439623434363938343330306265393239663362346165666538
38633762313763636630373266623431663834373165333534653738363763396433653264363037
66373930333737363362303766393965346661343035346136626335646332366236663031623336
33383431656265626538663230303931653236333363636233306138663634616566616664326430
30623639356634313837333865396339666535623263303561303435316437306166633035333965
61623432376164356634623632633663306237333163323565333365663532656330303430326661
65346432396637663232613031303761623139666130623065366563613737653435333031323537
62326135633833313634306261663964613366323939313762376264303665333131643732653165
32643863383535663162353661643834366131343235663737316365653236653532396465396133
62343839366635616134663566326233663737623830366533623435643662353632656135336231
31306162613363323464323635343831313935636639303834333838313261306438323133646434
62383636303865316664343031626631366233663431363135346537393231656436616536326230
33636564323635363765343565313738303564643237666563343736646339343837663433636561
33666337623335646533623834333465326363366336636534633166646337653635316130306261
62666338303139626662353038666638323831323432323665386533353665373965396633306334
38343561313333373535653838353165373436366131376436333364616536356132313565396266
63646566663565313364353234636334636534643037356433356162656637353834373165616631
33303664626362376364326632396664393665396666626436393139653564323136306233343363
62663630353234353063656166396264303961656432663565323337663161386265336634623864
39633264303665353436376263363965366336623164656337333063303533323930373839656131
30363565323533376232323431306338306233396561316535343035666337623731373061373335
34646566343737663832623066303465313836663037643133386364353564653530333863393733
33643135313137366130653761306237373334396235636632386361363938666230363735303431
37643734303734373731656666356463643332303362333035626433623666616138663635326136
63306462303730303065666633323965393337353231386139326536303262396439373633633238
34393138613536386662353136356335353965363638373664653635346666353430626433316434
65623462333161613239623233666239393834633536303330386166373131383638373331386365
61626464343531383162333666643762633165376130373666373365346531623533333861353430
64356631633437396362663532306636626366323431383338623930363465383266633564326431
35306465373134393431663231626132366163666566663061623961383733383333613839613637
39393837393933383037343737363131366261656133663638643333376364316663393062653137
33366433383039346336316637616161303062653635643861663635386262343939333730633937
62356431386639373065353063353530326366326436373630643737396166666161343262633563
37333530653462666636663830663631663532393761393931323265333065346238376139646134
38653338636434303632663936376433663935353261393061316266376134613563373239626232
34666339373730346361626362383734383332633565393566353837633262376630343234343066
35326466323831663336666561323635613335633136636537363864623833636162383465303132
31383464633638353137336433353530666363636337313734663031643931306664393833646137
30613135333834303166393263303565346332613936326530346531353363396462346238303231
33633765376363303935386334653265613961333733623962376538656163666233363764633863
33646162653938373661343763643663396334656336343331383038306637393433396532336530
30373965326266636330616630346665383062646263666365353339343937323431393538303639
30336639616138383439626433316638393632633339646661353266393465663034363233306564
36326463313462653033616330343631323331666133646538343361633761393630366539653539
32643236333139646166363266373831656631323063313164663032323638613639636639366362
34636666373864316431376563356138383730666663343438633965353837666561663734373339
37616636396436383936663839643863653164373830653064303363396633633338613363363033
39376337616332336561656362396236633963303530646136316263373133646332393336346564
34393231323863386330653031323235326131316438653137376265303633653031646239316631
37653562663632303165303239613232326139626536386432333264663535343935633231316232
61303463653431386238383035333565353534636565303366363731633431653165333935333961
35356432303339373661393931643032376362616464373561376461323536343837653532613162
33393365646135323739333532643935616630633062366464386366366439373163373239623039
63613937653164373230333139623262643961623264636661376133626462633634616234633530
36656635316531393136646232316361646434306361636139623263646164353535616536323464
63363766636131646333636339313138633365366235633363366663656633663536346263396538
32633263303766636239626361336132386335393231616661323335653538653737363835626632
38623065373234366533366238363636613235643536643938333434383262613964373764636238
62386630306565353763346434346665613536666336306464376166623432316530366632366336
38383531383430346364366235346431663239653766383363656163666632386239663965666538
65616634346337376462613831663233343362646334643065343230383538323261626163656330
39303764353637626561396664313437376538623966353064653438636436373364363431363033
62346665633762353736353331383133656134643761363862616433623463333238316632363466
37356535383764313634363431646630653962333065653234326439313666383633333836663763
62656232336235653433653361616232393331336530346335633866653835393065613863353534
65316662396466336536326361613337383530323138616536346332376561386466626166663662
62323137373431303131386337346131653537316166386232613034393266666536313030353838
65333464646637613763656431323033633137363464366166653339366461663836386661363733
36633663343430353962343866666363333539376166306265383965366332663339336334316438
62643963323435353335363039313637646332366462333262373564323661373863636430633031
62383033333034303230313162386237353736373137343136383862383431336666356639353264
30356166613335373936656164336139653062373764646337623962353434643166663065353563
65666230653263323938633562653566653438643630303566346238666162636433356564623634
35643561323566356132353238333663616361356130393330646564383230396166663763613831
33343861343038313761386133386334653733666638316134663431386666373738653234353035
63383334613366336630353436373462616537383339303135356239363733363831616331613638
63656165623261366566333965663365306237343335343131396130646266653435643363393166
61333232376532643536313138336162316166666265336166663338663638383237366636323063
62616265616235326339323934613238393632643232633138643562313964376634303038386461
66333632373732323132373461326138386136643466353331313861393231363630396466636331
66373537303835643532633165343732663235613466356232326261643162626432636462313063
64303936643233376638613563623330323538303433316233636534333261313835613262623436
34363933396131336538613737343339336234373461663039646635323832636165363839656662
64366134363134376533383837336430613932393863383331626637306264626132333563306533
30393265663535343637623234643438323334613538383235613536316266636538333332623366
63636264393766363765303832323163616639363763346362383033313332313334633135633961
33643333326132313062336263373136613664386463326562626230623036323665623536356530
37303865626163376330353361383233383764346637366237623230333761396235626532636531
61363663363133323737666430613063326633363437343833353731613465393665663738343336
33636336636632306238326262623332343533363535656534373364346666353539653861356262
31313563656364383231393962663330306430353364346636363236303830633038636236323238
33363232373862366637366232613664316533626538326632393762316436643236643832653530
61616530373561323561313464336662326463326439626661626662393337653739353936663533
35613039333839623864623237646438623132386363313662626236366438373931353163323732
30306561346134626239353766376637316362353238623265333439613331313735656361653130
38356265363432646131343335366138356532643633643533396261656132313331343938386630
35303366316434336231623432626439613633383865623236363331393330616161336364653565
62633735633531393937393836373436623338306531353434393661653534623230323532383032
66303061663031343261626362363433333562636334313833373765353337386538623632373461
37373664323530663630383762336539363431643531323938626335653733366263656638623138
33633639636664616530373333373332323763646437656234616666323662366637643738303963
63366135386231363162613532663733306233343439396333613730383265663536613632646533
34313032366164363635343235643065376166313861343539663065356262316662373834386365
34356666336539653063393365366461323434346365323062373963346461666165383236373535
32396264336235643166613165303763366138336662643435333466343765346431643430306636
37336339633139626637386262326530613038323136323665346464353664383163643164323132
31373661656430616336333763656561663637343763303639326266363462626436393537366539
65383265626539336433396461646363376631373464363135326361613264396162353365316237
61376531353432343062366436353339353035656433343862663365386236323465646330626636
37333162306665303634346432313364343966336461646464626666373431393335323134663664
31373961383937613265396561343935346630663866343962633736313930326639373737653632
61613936306565326132346638376433323935633234383130333631366437643232626265653631
61653265336365306434363630323063306164623039346431663062346238353337623132396532
33346662333236393062336331643435393130343338613835643039343063656432383666656434
31613135333963313032663031356237663138343731353264326634633337653262646635656637
33636230323630623466303662393630313261393833353831646665623166613339306337626366
66666632333330643761616633373864323537666564313437366634313736393538613035396563
63623839383833303833346533633833383062376136316463363439333863353461613035366338
30323837393234616663306534663834623031633630383939636239383739366330383534313362
62626437373463636534376633623037356333366266633862326636653064633831373735373466
39323634383466656662346238646361653963653264643662326666363064363564636163613039
33653139356166373863656536376133623334323337363863653034333531376535303331396266
61396566653131363164313733343361353837353733303130666663333737643239323930343337
62366538643239653532343234353561653165306661323838326261323535336263303432383831
65336134636266626333616264376538363763323636343236306530613333383130313563376662
61656463636631393033396465303661393661306237336462386138653935613231333330633762
30613766386639663062363035333638306165646365303832626464303566633931663835306433
38666265356565333234333135323763613037353463383233316364313137333065336166346337
33303066353137626636366130313638393335376366373237613934356262396663393635373334
37663738666165346138383761633562323062383338353062333865336563373437666361383030
61376533343366633533616536316564323361356564383266373732303336653932393735633536
34633966353061343164656437306362343231306537343838643434303436616634623635326562
32646439653737316465356161623936396363646531343832323564346533316231363832323931
61313532666634303135333837626135336535666262316638613164383038626663393030393862
62383133346631623966653339613735323166343235663337343234653565643137333333373730
35653664303637373938353435613532626266336261666630353464396435396531303062306265
31653965336337366162343238663562396333373061383137363534303264383536333737373832
37323962633463333935316338343764393066333763306565323265303735636232323332376133
66636335356532666164656361623961626164346633306462356261316239303737623661653539
33383331636131333934323733343233303066363565393864316164326332633738623761663865
38363864623566306638656231313936386666343531346261353062656437303762306563376136
61636166653561663139343237313162643531343132636633646463616432346433663064323566
32366537626238643962663630366339636638653062636331383836336238336662356631343766
64313631373263666263316461396532613839323630383766623932303265656135616138613665
30383230306562393638373465383066343963316235393034366330386230346339653535666636
33313233616133653466646662313535346332356332336534663062623063316239353665633137
39646337366430393261396265663063646233316334393761306535653834663635663635353938
36353162636138643764616566643438336331383438303938313661636535623331353034643230
62393438306434646265623566316434653363633933663966663832656633373838646339613932
37366666363563313964353865376638303839323739656261333535303665363238343864363134
63666338383239303933353531313838666338306536653939353234353538336563323032373133
32346433306135373738616439373430313363656261323735663866303936386138613965383837
66383133313138666563363631373566653365656137663765666331643265333062376331653337
65356635633939336464653666366232393365663033643832613838656465616330356666633261
36323938303339383539333832633039383665343935633937623165656138626239643734323630
65346537643434313561636635346139363431656465636566613937313263343264643837653666
34643238623431393436636139616361633137313535353866663561636262343432353061646630
63346161623737353634366236383763353933383363326636656466306634633937363365636130
30376433326464386662313033353238393633386462333536626264303735626235633664633832
33396539376637623133656532653130386332626536363939333265303931613539613637633361
39666232366133313032633139653035343136616431613066346635336634396662376534306333
36336535303731363166383063383437613035383835626439306665383035316362396664316638
36343531656535616564613836653766633663613832333532646161666235376562633039643934
34336338666566356536323132643466356566333061363739356535336139656530396332333263
64333533663836373138313863313534386461366536323664663237653939393632373731656433
32633831653566353663633231383031626637666264663739303732303663643334663138663032
66303366303436636537333134663166343132613862633830626661623231366533353530353766
33383265653635623031626364616137376631653361663134613365633736323464373963376334
36353264663736366264373166646130353732376465663532343966626135653264633063613366
62646264656463373339623861393438313366316535383338383438643238313234313535313562
31653431663637623863366431653936386138663430323931623863303234373166343438303236
62323266373661393361653961343432643339613734386134353231386139336666343965373835
32346364373361333039646261336432353730663535616438333036653563633032366433323738
31353865343366613261336164303434613734396637616633656336626130613739313237616135
39373134313235613137653132663161383937383836653936303134306135616532326233386361
34623566313136306439316339653465616665313631306136363137313638346565346530393962
62396236373134316536323636366265393066303136326336376330323035363235633062393066
34323863336637616133316564316233343034363262376131333633666263376130373633653738
64653838313065326138343438323866663463356537386565386536366338626138383565333130
61376563353233343836353034623237336130653538386338303539663639633233333931646532
64313066633431636332613265613865306362623462613530313263316661353764316366313331
34353532363736316131326438313533353230366466353462623439303838623634653438326165
36343364383530646331303063656634326565633739373835316465633930646265656663316165
61333062366632306436623761383864356539663264366130613132623837316639366264643333
34373931636332313264616237616339616236616533353065623338383036323735326162343738
35626431316130643539633330346333303532376336346634633133633862346432343162643839
63393265653132376532323163613163356637376235353162363734653737333436363661393463
34666162346239376233303435663265396438366164663735336565323235666465666139303038
34336237366330306231633333363436623839663638656333646466323661616530616662653865
34643332353861383835396433613234623339616365323333353532343836383830326365313131
61396561626163653261346531383836316538346265383765363439333961323037663262616231
39613930313532623537613130313034656537353262616230626333353835346633323835643765
32393131326133316465363964626161646538636230626361653465303763383630653964633634
39313363383363323638613237356430356138303239326561343461383833613565616535646534
66376338356632393038373936396433333037616631623666616637336263386361333531626366
61333765636438313438303237396461613035666630353233363334316132643033336264636264
32616362306334313233383332313837656233616466363762303164646434666437623163666265
64353861346465353863316532626437373334306534663365323135383332303930306261636134
63336236623237383034313734613733396666643465373331613533666262646262363334613031
34393736396532356661623632333932366433303730323133666137393331636139396265626530
30643565333237656634616266343735646638356238323765666661363364356633363436353666
36313562646638303532623935636664323730323366306634386564393961373663326432396236
63343530303061366163396234353164636636663562663138656432393337333533643162653733
32336233366335646438396636623134663266323136393838396637333763363330376638303839
63653963323332653361326530396566353033663630363937333266393732313565303132633337
64313237393564653539636366363862336631336135646236303164386330653830626436383566
3933376264326162363731323665346230616331643436616136
